node_26  [+14, -0, 14]
   node_0  [+0, -1, 13]
   |  AAP  [+0, -1, 12]
   |  AAT  [+0, -2, 11]
   node_25  [+11, -1, 24]
      node_24  [+1, -0, 25]
      |  node_23  [+0, -0, 25]
      |  |  node_22  [+0, -0, 25]
      |  |  |  node_21  [+0, -0, 25]
      |  |  |  |  node_20  [+0, -0, 25]
      |  |  |  |  |  node_19  [+0, -0, 25]
      |  |  |  |  |  |  node_18  [+0, -0, 25]
      |  |  |  |  |  |  |  node_15  [+0, -0, 25]
      |  |  |  |  |  |  |  |  node_13  [+0, -0, 25]
      |  |  |  |  |  |  |  |  |  node_12  [+0, -7, 18]
      |  |  |  |  |  |  |  |  |  |  node_11  [+0, -0, 18]
      |  |  |  |  |  |  |  |  |  |  |  node_8  [+0, -0, 18]
      |  |  |  |  |  |  |  |  |  |  |  |  node_7  [+0, -0, 18]
      |  |  |  |  |  |  |  |  |  |  |  |  |  node_6  [+0, -0, 18]
      |  |  |  |  |  |  |  |  |  |  |  |  |  |  node_5  [+0, -0, 18]
      |  |  |  |  |  |  |  |  |  |  |  |  |  |  |  node_4  [+0, -0, 18]
      |  |  |  |  |  |  |  |  |  |  |  |  |  |  |  |  node_3  [+0, -0, 18]
      |  |  |  |  |  |  |  |  |  |  |  |  |  |  |  |  |  node_1  [+0, -0, 18]
      |  |  |  |  |  |  |  |  |  |  |  |  |  |  |  |  |  |  CAG  [+0, -0, 18]
      |  |  |  |  |  |  |  |  |  |  |  |  |  |  |  |  |  |  CAF  [+0, -0, 18]
      |  |  |  |  |  |  |  |  |  |  |  |  |  |  |  |  |  node_2  [+0, -0, 18]
      |  |  |  |  |  |  |  |  |  |  |  |  |  |  |  |  |     CAI  [+0, -0, 18]
      |  |  |  |  |  |  |  |  |  |  |  |  |  |  |  |  |     CAE  [+0, -0, 18]
      |  |  |  |  |  |  |  |  |  |  |  |  |  |  |  |  CAH  [+0, -0, 18]
      |  |  |  |  |  |  |  |  |  |  |  |  |  |  |  CAD  [+0, -0, 18]
      |  |  |  |  |  |  |  |  |  |  |  |  |  |  CAK  [+0, -0, 18]
      |  |  |  |  |  |  |  |  |  |  |  |  |  CAJ  [+0, -0, 18]
      |  |  |  |  |  |  |  |  |  |  |  |  CAB  [+0, -1, 17]
      |  |  |  |  |  |  |  |  |  |  |  node_10  [+0, -0, 18]
      |  |  |  |  |  |  |  |  |  |  |     node_9  [+0, -0, 18]
      |  |  |  |  |  |  |  |  |  |  |     |  CAC  [+0, -0, 18]
      |  |  |  |  |  |  |  |  |  |  |     |  CAM  [+0, -0, 18]
      |  |  |  |  |  |  |  |  |  |  |     CAA  [+0, -0, 18]
      |  |  |  |  |  |  |  |  |  |  CAL  [+0, -0, 18]
      |  |  |  |  |  |  |  |  |  AAA  [+0, -0, 25]
      |  |  |  |  |  |  |  |  node_14  [+0, -0, 25]
      |  |  |  |  |  |  |  |     ABH  [+0, -0, 25]
      |  |  |  |  |  |  |  |     AAR  [+0, -0, 25]
      |  |  |  |  |  |  |  node_17  [+0, -0, 25]
      |  |  |  |  |  |  |     node_16  [+0, -0, 25]
      |  |  |  |  |  |  |     |  AAD  [+0, -0, 25]
      |  |  |  |  |  |  |     |  ABD  [+0, -25, 0]
      |  |  |  |  |  |  |     ABR  [+0, -0, 25]
      |  |  |  |  |  |  ABO  [+0, -0, 25]
      |  |  |  |  |  ABH  [+0, -0, 25]
      |  |  |  |  ABF  [+0, -0, 25]
      |  |  |  AAB  [+0, -0, 25]
      |  |  AAV  [+0, -0, 25]
      |  AAO  [+0, -0, 25]
      ABA  [+0, -0, 24]
